00100000000110000000000000000000
00100000000100110000000000000001
00010011000010010000000000010000
00100000000101110000000000000001
00100001010101000000000000000100
00010010111010010000000000001011
00100010100011011111111111111100
10001101101011000000000000000000
00100010100011100000000000000000
10001101110011110000000000000000
00000001100011111100100000101010
00010011001100110000000000000010
10101101110011000000000000000000
10101101101011110000000000000000
00100010111101110000000000000001
00100010100101000000000000000100
00001000000100000000000000011000
00100011000110000000000000000001
00001000000100000000000000010101
00100001010101000000000000000000
00100001011100110000000000000000
00100000000101110000000000000000
00010010111010010000000000001100
10001110100110000000000000000000
10101110011110000000000000000000
00100010111101110000000000000001
00100010100101000000000000000100
00100010011100110000000000000100
00001000000100000000000000101001
